epoch_0: 0.6644736842105263
epoch_1: 0.6655701754385965
epoch_2: 0.6633771929824561
epoch_3: 0.6666666666666666
epoch_4: 0.6732456140350878
epoch_5: 0.6699561403508771
epoch_6: 0.6721491228070176
epoch_7: 0.668859649122807
epoch_8: 0.6743421052631579
epoch_9: 0.6765350877192983
epoch_10: 0.6798245614035088
epoch_11: 0.680921052631579
epoch_12: 0.6820175438596491
epoch_13: 0.6787280701754386
epoch_14: 0.680921052631579
epoch_15: 0.6831140350877193
epoch_16: 0.6875
epoch_17: 0.6864035087719298
epoch_18: 0.6885964912280702
epoch_19: 0.6907894736842105
