epoch_0: 0.6622807017543859
epoch_1: 0.6633771929824561
epoch_2: 0.6633771929824561
epoch_3: 0.6633771929824561
epoch_4: 0.6578947368421053
epoch_5: 0.6644736842105263
epoch_6: 0.6732456140350878
epoch_7: 0.6699561403508771
epoch_8: 0.6655701754385965
epoch_9: 0.668859649122807
epoch_10: 0.6699561403508771
epoch_11: 0.6710526315789473
epoch_12: 0.6776315789473685
epoch_13: 0.6765350877192983
epoch_14: 0.6776315789473685
epoch_15: 0.6754385964912281
epoch_16: 0.6765350877192983
epoch_17: 0.6765350877192983
epoch_18: 0.6754385964912281
epoch_19: 0.6765350877192983
