epoch_0: 0.6546052631578947
epoch_1: 0.6578947368421053
epoch_2: 0.6611842105263158
epoch_3: 0.668859649122807
epoch_4: 0.6699561403508771
epoch_5: 0.6776315789473685
epoch_6: 0.6787280701754386
epoch_7: 0.6787280701754386
epoch_8: 0.680921052631579
epoch_9: 0.6853070175438597
epoch_10: 0.6885964912280702
epoch_11: 0.6896929824561403
epoch_12: 0.694078947368421
epoch_13: 0.7006578947368421
epoch_14: 0.7006578947368421
epoch_15: 0.7017543859649122
epoch_16: 0.7072368421052632
epoch_17: 0.7083333333333334
epoch_18: 0.7094298245614035
epoch_19: 0.7116228070175439
