epoch_0: 0.6578947368421053
epoch_1: 0.6546052631578947
epoch_2: 0.6600877192982456
epoch_3: 0.6578947368421053
epoch_4: 0.6633771929824561
epoch_5: 0.6633771929824561
epoch_6: 0.6611842105263158
epoch_7: 0.6633771929824561
epoch_8: 0.668859649122807
epoch_9: 0.6677631578947368
epoch_10: 0.668859649122807
epoch_11: 0.6699561403508771
epoch_12: 0.6732456140350878
epoch_13: 0.6732456140350878
epoch_14: 0.6743421052631579
epoch_15: 0.6776315789473685
epoch_16: 0.6754385964912281
epoch_17: 0.680921052631579
epoch_18: 0.680921052631579
epoch_19: 0.6831140350877193
