epoch_0: 0.9170423805229937
epoch_1: 0.9165915238954012
epoch_2: 0.9147880973850315
epoch_3: 0.9147880973850315
epoch_4: 0.9165915238954012
epoch_5: 0.9170423805229937
epoch_6: 0.9165915238954012
epoch_7: 0.9170423805229937
epoch_8: 0.918394950405771
epoch_9: 0.9192966636609559
epoch_10: 0.9201983769161407
epoch_11: 0.9215509467989179
epoch_12: 0.9229035166816952
epoch_13: 0.9224526600541028
epoch_14: 0.9224526600541028
epoch_15: 0.9233543733092876
epoch_16: 0.9238052299368801
epoch_17: 0.9242560865644724
epoch_18: 0.9247069431920649
epoch_19: 0.9242560865644724
