epoch_0: 0.9161406672678089
epoch_1: 0.915238954012624
epoch_2: 0.9156898106402164
epoch_3: 0.9156898106402164
epoch_4: 0.9165915238954012
epoch_5: 0.9179440937781785
epoch_6: 0.918394950405771
epoch_7: 0.9188458070333634
epoch_8: 0.9174932371505861
epoch_9: 0.9161406672678089
epoch_10: 0.9147880973850315
epoch_11: 0.9138863841298467
epoch_12: 0.9138863841298467
epoch_13: 0.9147880973850315
epoch_14: 0.9161406672678089
epoch_15: 0.9161406672678089
epoch_16: 0.9170423805229937
epoch_17: 0.9174932371505861
epoch_18: 0.9179440937781785
epoch_19: 0.918394950405771
