epoch_0: 0.9147880973850315
epoch_1: 0.9147880973850315
epoch_2: 0.9098286744815148
epoch_3: 0.9071235347159603
epoch_4: 0.9080252479711451
epoch_5: 0.90892696122633
epoch_6: 0.90892696122633
epoch_7: 0.9093778178539225
epoch_8: 0.9102795311091073
epoch_9: 0.9098286744815148
epoch_10: 0.912082957619477
epoch_11: 0.9116321009918846
epoch_12: 0.9143372407574392
epoch_13: 0.9161406672678089
epoch_14: 0.918394950405771
epoch_15: 0.9188458070333634
epoch_16: 0.9192966636609559
epoch_17: 0.9206492335437331
epoch_18: 0.9206492335437331
epoch_19: 0.9206492335437331
