epoch_0: 0.9165915238954012
epoch_1: 0.9161406672678089
epoch_2: 0.9174932371505861
epoch_3: 0.918394950405771
epoch_4: 0.9174932371505861
epoch_5: 0.918394950405771
epoch_6: 0.9192966636609559
epoch_7: 0.9197475202885482
epoch_8: 0.9220018034265104
epoch_9: 0.9229035166816952
epoch_10: 0.9242560865644724
epoch_11: 0.9265103697024346
epoch_12: 0.9274120829576195
epoch_13: 0.9283137962128043
epoch_14: 0.9292155094679891
epoch_15: 0.9296663660955816
epoch_16: 0.9292155094679891
epoch_17: 0.9283137962128043
epoch_18: 0.9269612263300271
epoch_19: 0.9278629395852119
