epoch_0: 0.9188458070333634
epoch_1: 0.9188458070333634
epoch_2: 0.9192966636609559
epoch_3: 0.9206492335437331
epoch_4: 0.9206492335437331
epoch_5: 0.9220018034265104
epoch_6: 0.9233543733092876
epoch_7: 0.9233543733092876
epoch_8: 0.9233543733092876
epoch_9: 0.9256086564472498
epoch_10: 0.9256086564472498
epoch_11: 0.9247069431920649
epoch_12: 0.9251577998196574
epoch_13: 0.9260595130748422
epoch_14: 0.9256086564472498
epoch_15: 0.9265103697024346
epoch_16: 0.9274120829576195
epoch_17: 0.9274120829576195
epoch_18: 0.9269612263300271
epoch_19: 0.9269612263300271
