epoch_0: 0.826027397260274
epoch_1: 0.8479452054794521
epoch_2: 0.8506849315068493
epoch_3: 0.8424657534246576
epoch_4: 0.8438356164383561
epoch_5: 0.8438356164383561
epoch_6: 0.8452054794520548
epoch_7: 0.8438356164383561
epoch_8: 0.8452054794520548
epoch_9: 0.8506849315068493
epoch_10: 0.8547945205479452
epoch_11: 0.8589041095890411
epoch_12: 0.8643835616438356
epoch_13: 0.8643835616438356
epoch_14: 0.8643835616438356
epoch_15: 0.8602739726027397
epoch_16: 0.8589041095890411
epoch_17: 0.8602739726027397
epoch_18: 0.8616438356164383
epoch_19: 0.8643835616438356
