epoch_0: 0.8232876712328767
epoch_1: 0.836986301369863
epoch_2: 0.8479452054794521
epoch_3: 0.8575342465753425
epoch_4: 0.8589041095890411
epoch_5: 0.8589041095890411
epoch_6: 0.8616438356164383
epoch_7: 0.8616438356164383
epoch_8: 0.8616438356164383
epoch_9: 0.8671232876712329
epoch_10: 0.8671232876712329
epoch_11: 0.8712328767123287
epoch_12: 0.8684931506849315
epoch_13: 0.8698630136986302
epoch_14: 0.863013698630137
epoch_15: 0.8561643835616438
epoch_16: 0.8561643835616438
epoch_17: 0.8547945205479452
epoch_18: 0.8561643835616438
epoch_19: 0.8575342465753425
