epoch_0: 0.8315068493150685
epoch_1: 0.8493150684931506
epoch_2: 0.8493150684931506
epoch_3: 0.8561643835616438
epoch_4: 0.8575342465753425
epoch_5: 0.8547945205479452
epoch_6: 0.8561643835616438
epoch_7: 0.8589041095890411
epoch_8: 0.8575342465753425
epoch_9: 0.8561643835616438
epoch_10: 0.852054794520548
epoch_11: 0.8493150684931506
epoch_12: 0.8465753424657534
epoch_13: 0.8452054794520548
epoch_14: 0.8465753424657534
epoch_15: 0.8479452054794521
epoch_16: 0.8465753424657534
epoch_17: 0.8479452054794521
epoch_18: 0.8452054794520548
epoch_19: 0.8438356164383561
