epoch_0: 0.8246575342465754
epoch_1: 0.8356164383561644
epoch_2: 0.8397260273972603
epoch_3: 0.8506849315068493
epoch_4: 0.852054794520548
epoch_5: 0.8589041095890411
epoch_6: 0.8575342465753425
epoch_7: 0.8575342465753425
epoch_8: 0.8547945205479452
epoch_9: 0.8547945205479452
epoch_10: 0.8561643835616438
epoch_11: 0.8589041095890411
epoch_12: 0.8589041095890411
epoch_13: 0.8575342465753425
epoch_14: 0.8602739726027397
epoch_15: 0.8602739726027397
epoch_16: 0.8616438356164383
epoch_17: 0.8602739726027397
epoch_18: 0.863013698630137
epoch_19: 0.8575342465753425
