epoch_0: 0.8287671232876712
epoch_1: 0.8438356164383561
epoch_2: 0.852054794520548
epoch_3: 0.8506849315068493
epoch_4: 0.8410958904109589
epoch_5: 0.8506849315068493
epoch_6: 0.8534246575342466
epoch_7: 0.8547945205479452
epoch_8: 0.8493150684931506
epoch_9: 0.8438356164383561
epoch_10: 0.8452054794520548
epoch_11: 0.8479452054794521
epoch_12: 0.8561643835616438
epoch_13: 0.8643835616438356
epoch_14: 0.863013698630137
epoch_15: 0.863013698630137
epoch_16: 0.8643835616438356
epoch_17: 0.8643835616438356
epoch_18: 0.863013698630137
epoch_19: 0.8657534246575342
