epoch_0: 0.7992888186487555
epoch_1: 0.8028447254049783
epoch_2: 0.8040300276570526
epoch_3: 0.8060055314105097
epoch_4: 0.8103516396681154
epoch_5: 0.8154879494271039
epoch_6: 0.8186487554326353
epoch_7: 0.8210193599367839
epoch_8: 0.8225997629395496
epoch_9: 0.8289213749506124
epoch_10: 0.8305017779533781
epoch_11: 0.8356380877123667
epoch_12: 0.8364282892137495
epoch_13: 0.8384037929672067
epoch_14: 0.841564598972738
epoch_15: 0.8427499012248123
epoch_16: 0.8411694982220467
epoch_17: 0.8419596997234294
epoch_18: 0.8459107072303438
epoch_19: 0.8486764124851838
