epoch_0: 0.8004741209008297
epoch_1: 0.8040300276570526
epoch_2: 0.8079810351639668
epoch_3: 0.8143026471750296
epoch_4: 0.8182536546819439
epoch_5: 0.8222046621888581
epoch_6: 0.8261556696957725
epoch_7: 0.8293164757013038
epoch_8: 0.8316870802054523
epoch_9: 0.8348478862109838
epoch_10: 0.8391939944685894
epoch_11: 0.8427499012248123
epoch_12: 0.8482813117344923
epoch_13: 0.8522323192414065
epoch_14: 0.8565784274990123
epoch_15: 0.8593441327538522
epoch_16: 0.8625049387593836
epoch_17: 0.8656657447649151
epoch_18: 0.8672461477676807
epoch_19: 0.8711971552745951
