epoch_0: 0.7921770051363097
epoch_1: 0.7846700908731726
epoch_2: 0.7819043856183326
epoch_3: 0.7807190833662584
epoch_4: 0.7834847886210984
epoch_5: 0.7902015013828526
epoch_6: 0.7984986171473726
epoch_7: 0.8008692216515212
epoch_8: 0.8067957329118925
epoch_9: 0.8123271434215725
epoch_10: 0.8182536546819439
epoch_11: 0.825760568945081
epoch_12: 0.8305017779533781
epoch_13: 0.8348478862109838
epoch_14: 0.8399841959699723
epoch_15: 0.844330304227578
epoch_16: 0.8451205057289609
epoch_17: 0.8467009087317265
epoch_18: 0.8486764124851838
epoch_19: 0.8490715132358752
