epoch_0: 0.7996839193994468
epoch_1: 0.8064006321612011
epoch_2: 0.8123271434215725
epoch_3: 0.814697747925721
epoch_4: 0.8170683524298696
epoch_5: 0.8237850651916239
epoch_6: 0.8249703674436981
epoch_7: 0.8281311734492296
epoch_8: 0.8328723824575267
epoch_9: 0.8403792967206638
epoch_10: 0.8478862109838009
epoch_11: 0.8561833267483209
epoch_12: 0.858158830501778
epoch_13: 0.8648755432635322
epoch_14: 0.8660608455156065
epoch_15: 0.8700118530225207
epoch_16: 0.8743579612801264
epoch_17: 0.8783089687870407
epoch_18: 0.8806795732911893
epoch_19: 0.8838403792967207
