epoch_0: 0.798893717898064
epoch_1: 0.8008692216515212
epoch_2: 0.8048202291584354
epoch_3: 0.8115369419201897
epoch_4: 0.8166732516791781
epoch_5: 0.8186487554326353
epoch_6: 0.8218095614381667
epoch_7: 0.8249703674436981
epoch_8: 0.8273409719478467
epoch_9: 0.8301066772026867
epoch_10: 0.8344527854602923
epoch_11: 0.8376135914658238
epoch_12: 0.8411694982220467
epoch_13: 0.8455156064796523
epoch_14: 0.849861714737258
epoch_15: 0.8506519162386409
epoch_16: 0.8530225207427894
epoch_17: 0.8510470169893323
epoch_18: 0.8522323192414065
epoch_19: 0.8538127222441723
