acc_0: 0.5756578947368421
acc_1: 0.5526315789473685
acc_2: 0.643640350877193
acc_3: 0.5910087719298246
acc_4: 0.5394736842105263
acc_0: 0.5460526315789473
acc_1: 0.5164473684210527
acc_2: 0.6118421052631579
acc_3: 0.6567982456140351
acc_4: 0.49890350877192985
acc_all: 0.5756578947368421
acc_all: 0.5394736842105263
