acc_0: 0.8512173128944995
acc_1: 0.7547339945897205
acc_2: 0.7610459873760145
acc_3: 0.8408476104598738
acc_4: 0.8444544634806131
acc_0: 0.8715058611361587
acc_1: 0.8503155996393147
acc_2: 0.8611361587015329
acc_3: 0.8674481514878268
acc_4: 0.8606853020739405
acc_all: 0.8715058611361587
acc_all: 0.8638412984670875
acc_all: 0.8715058611361587
