acc_0: 0.7931506849315069
acc_1: 0.6150684931506849
acc_2: 0.7342465753424657
acc_3: 0.7917808219178082
acc_4: 0.7178082191780822
acc_0: 0.8164383561643835
acc_1: 0.7109589041095891
acc_2: 0.5027397260273972
acc_3: 0.8164383561643835
acc_4: 0.7931506849315069
acc_all: 0.7890410958904109
acc_all: 0.810958904109589
