acc_0: 0.9521928091663374
acc_1: 0.9118925325958119
acc_2: 0.949032003160806
acc_3: 0.9435005926511261
acc_4: 0.9016199130778348
acc_0: 0.9920979849861715
acc_1: 0.4994073488739629
acc_2: 0.9039905175819835
acc_3: 0.9743184512050573
acc_4: 0.5005926511260371
acc_all: 0.9766890557092058
acc_all: 0.967601738443303
