acc_0: 0.5098684210526315
acc_1: 0.5252192982456141
acc_2: 0.6228070175438597
acc_3: 0.5175438596491229
acc_4: 0.5010964912280702
