acc_0: 0.8944995491433724
acc_1: 0.918394950405771
acc_2: 0.8791704238052299
acc_3: 0.8498647430117223
acc_4: 0.9044183949504058
