acc_0: 0.7616438356164383
acc_1: 0.8
acc_2: 0.8191780821917808
acc_3: 0.7931506849315069
acc_4: 0.7657534246575343
