acc_0: 0.973133148952983
acc_1: 0.4994073488739629
acc_2: 0.825760568945081
acc_3: 0.916633741604109
acc_4: 0.9494271039114974
