epoch_0: 0.5120614035087719
epoch_1: 0.5175438596491229
epoch_2: 0.5241228070175439
epoch_3: 0.5317982456140351
epoch_4: 0.5416666666666666
epoch_5: 0.5548245614035088
epoch_6: 0.5679824561403509
epoch_7: 0.5877192982456141
epoch_8: 0.6074561403508771
epoch_9: 0.6228070175438597
epoch_10: 0.6524122807017544
epoch_11: 0.6666666666666666
epoch_12: 0.6677631578947368
epoch_13: 0.6798245614035088
epoch_14: 0.6875
epoch_15: 0.6951754385964912
epoch_16: 0.6951754385964912
epoch_17: 0.6995614035087719
epoch_18: 0.7017543859649122
epoch_19: 0.7006578947368421
