epoch_0: 0.5153508771929824
epoch_1: 0.518640350877193
epoch_2: 0.5241228070175439
epoch_3: 0.5307017543859649
epoch_4: 0.5383771929824561
epoch_5: 0.5548245614035088
epoch_6: 0.5635964912280702
epoch_7: 0.5833333333333334
epoch_8: 0.6030701754385965
epoch_9: 0.6239035087719298
epoch_10: 0.6447368421052632
epoch_11: 0.6644736842105263
epoch_12: 0.6798245614035088
epoch_13: 0.6885964912280702
epoch_14: 0.6896929824561403
epoch_15: 0.6929824561403509
epoch_16: 0.6875
epoch_17: 0.6885964912280702
epoch_18: 0.694078947368421
epoch_19: 0.7017543859649122
