epoch_0: 0.5120614035087719
epoch_1: 0.5164473684210527
epoch_2: 0.5230263157894737
epoch_3: 0.5296052631578947
epoch_4: 0.5361842105263158
epoch_5: 0.5515350877192983
epoch_6: 0.5635964912280702
epoch_7: 0.5833333333333334
epoch_8: 0.5975877192982456
epoch_9: 0.6173245614035088
epoch_10: 0.6513157894736842
epoch_11: 0.6721491228070176
epoch_12: 0.6732456140350878
epoch_13: 0.6853070175438597
epoch_14: 0.6907894736842105
epoch_15: 0.6951754385964912
epoch_16: 0.6973684210526315
epoch_17: 0.6984649122807017
epoch_18: 0.7094298245614035
epoch_19: 0.7072368421052632
