epoch_0: 0.5131578947368421
epoch_1: 0.518640350877193
epoch_2: 0.5252192982456141
epoch_3: 0.5328947368421053
epoch_4: 0.5449561403508771
epoch_5: 0.5581140350877193
epoch_6: 0.5734649122807017
epoch_7: 0.5921052631578947
epoch_8: 0.618421052631579
epoch_9: 0.6414473684210527
epoch_10: 0.6600877192982456
epoch_11: 0.6666666666666666
epoch_12: 0.6787280701754386
epoch_13: 0.6875
epoch_14: 0.6885964912280702
epoch_15: 0.6875
epoch_16: 0.694078947368421
epoch_17: 0.6929824561403509
epoch_18: 0.6907894736842105
epoch_19: 0.6918859649122807
