epoch_0: 0.5142543859649122
epoch_1: 0.518640350877193
epoch_2: 0.5263157894736842
epoch_3: 0.5307017543859649
epoch_4: 0.5383771929824561
epoch_5: 0.5515350877192983
epoch_6: 0.5592105263157895
epoch_7: 0.5756578947368421
epoch_8: 0.5877192982456141
epoch_9: 0.6085526315789473
epoch_10: 0.618421052631579
epoch_11: 0.6414473684210527
epoch_12: 0.6557017543859649
epoch_13: 0.668859649122807
epoch_14: 0.6743421052631579
epoch_15: 0.6776315789473685
epoch_16: 0.6885964912280702
epoch_17: 0.6864035087719298
epoch_18: 0.6885964912280702
epoch_19: 0.6864035087719298
