epoch_0: 0.5802524797114518
epoch_1: 0.6181244364292156
epoch_2: 0.6672678088367899
epoch_3: 0.7200180342651037
epoch_4: 0.7651036970243462
epoch_5: 0.8047790802524797
epoch_6: 0.842200180342651
epoch_7: 0.8701532912533815
epoch_8: 0.8899909828674482
epoch_9: 0.9026149684400361
epoch_10: 0.9093778178539225
epoch_11: 0.9116321009918846
epoch_12: 0.9161406672678089
epoch_13: 0.9174932371505861
epoch_14: 0.9188458070333634
epoch_15: 0.9179440937781785
epoch_16: 0.9197475202885482
epoch_17: 0.9188458070333634
epoch_18: 0.9206492335437331
epoch_19: 0.9206492335437331
