epoch_0: 0.5829576194770063
epoch_1: 0.6190261496844004
epoch_2: 0.6686203787195671
epoch_3: 0.7141568981064021
epoch_4: 0.7565374211000901
epoch_5: 0.7989179440937781
epoch_6: 0.8340847610459874
epoch_7: 0.8615870153291253
epoch_8: 0.8841298467087466
epoch_9: 0.8999098286744815
epoch_10: 0.9075743913435528
epoch_11: 0.9129846708746618
epoch_12: 0.9170423805229937
epoch_13: 0.9197475202885482
epoch_14: 0.9211000901713255
epoch_15: 0.9215509467989179
epoch_16: 0.9224526600541028
epoch_17: 0.9206492335437331
epoch_18: 0.9206492335437331
epoch_19: 0.9220018034265104
