epoch_0: 0.584761045987376
epoch_1: 0.6154192966636609
epoch_2: 0.6627592425608656
epoch_3: 0.7028854824165915
epoch_4: 0.7479711451758341
epoch_5: 0.7908025247971145
epoch_6: 0.8192064923354373
epoch_7: 0.8552750225428314
epoch_8: 0.8787195671776376
epoch_9: 0.8926961226330027
epoch_10: 0.9048692515779982
epoch_11: 0.9125338142470695
epoch_12: 0.918394950405771
epoch_13: 0.9215509467989179
epoch_14: 0.9206492335437331
epoch_15: 0.9224526600541028
epoch_16: 0.9224526600541028
epoch_17: 0.9233543733092876
epoch_18: 0.9220018034265104
epoch_19: 0.9215509467989179
