epoch_0: 0.5829576194770063
epoch_1: 0.6163210099188458
epoch_2: 0.6614066726780884
epoch_3: 0.7042380522993688
epoch_4: 0.742560865644725
epoch_5: 0.7840396753832282
epoch_6: 0.8142470694319206
epoch_7: 0.8480613165013525
epoch_8: 0.8751127141568981
epoch_9: 0.8922452660054103
epoch_10: 0.9057709648331831
epoch_11: 0.9116321009918846
epoch_12: 0.918394950405771
epoch_13: 0.9206492335437331
epoch_14: 0.9238052299368801
epoch_15: 0.9233543733092876
epoch_16: 0.9229035166816952
epoch_17: 0.9211000901713255
epoch_18: 0.9215509467989179
epoch_19: 0.9220018034265104
