epoch_0: 0.5802524797114518
epoch_1: 0.6145175834084761
epoch_2: 0.6587015329125339
epoch_3: 0.6965734896302975
epoch_4: 0.7430117222723174
epoch_5: 0.7808836789900812
epoch_6: 0.8178539224526601
epoch_7: 0.8476104598737602
epoch_8: 0.8706041478809738
epoch_9: 0.8890892696122633
epoch_10: 0.9012623985572588
epoch_11: 0.9080252479711451
epoch_12: 0.912082957619477
epoch_13: 0.9165915238954012
epoch_14: 0.9188458070333634
epoch_15: 0.9192966636609559
epoch_16: 0.9206492335437331
epoch_17: 0.9215509467989179
epoch_18: 0.9215509467989179
epoch_19: 0.9233543733092876
