epoch_0: 0.5506849315068493
epoch_1: 0.5767123287671233
epoch_2: 0.6178082191780822
epoch_3: 0.6506849315068494
epoch_4: 0.6863013698630137
epoch_5: 0.7095890410958904
epoch_6: 0.7328767123287672
epoch_7: 0.7616438356164383
epoch_8: 0.7904109589041096
epoch_9: 0.8136986301369863
epoch_10: 0.8246575342465754
epoch_11: 0.836986301369863
epoch_12: 0.8465753424657534
epoch_13: 0.8452054794520548
epoch_14: 0.8493150684931506
epoch_15: 0.8493150684931506
epoch_16: 0.852054794520548
epoch_17: 0.8493150684931506
epoch_18: 0.8547945205479452
epoch_19: 0.8534246575342466
