epoch_0: 0.5561643835616439
epoch_1: 0.5835616438356165
epoch_2: 0.6232876712328768
epoch_3: 0.6589041095890411
epoch_4: 0.6876712328767123
epoch_5: 0.7150684931506849
epoch_6: 0.7301369863013699
epoch_7: 0.7616438356164383
epoch_8: 0.7821917808219178
epoch_9: 0.8095890410958904
epoch_10: 0.8164383561643835
epoch_11: 0.8356164383561644
epoch_12: 0.8424657534246576
epoch_13: 0.8479452054794521
epoch_14: 0.8506849315068493
epoch_15: 0.8547945205479452
epoch_16: 0.8534246575342466
epoch_17: 0.8547945205479452
epoch_18: 0.8547945205479452
epoch_19: 0.8547945205479452
