epoch_0: 0.5534246575342465
epoch_1: 0.5794520547945206
epoch_2: 0.6191780821917808
epoch_3: 0.6520547945205479
epoch_4: 0.689041095890411
epoch_5: 0.7136986301369863
epoch_6: 0.736986301369863
epoch_7: 0.7643835616438356
epoch_8: 0.7931506849315069
epoch_9: 0.8136986301369863
epoch_10: 0.826027397260274
epoch_11: 0.8397260273972603
epoch_12: 0.8479452054794521
epoch_13: 0.8452054794520548
epoch_14: 0.8493150684931506
epoch_15: 0.852054794520548
epoch_16: 0.8506849315068493
epoch_17: 0.852054794520548
epoch_18: 0.852054794520548
epoch_19: 0.8561643835616438
