epoch_0: 0.5534246575342465
epoch_1: 0.5712328767123288
epoch_2: 0.6109589041095891
epoch_3: 0.6356164383561644
epoch_4: 0.6698630136986301
epoch_5: 0.6917808219178082
epoch_6: 0.7082191780821918
epoch_7: 0.7301369863013699
epoch_8: 0.7547945205479452
epoch_9: 0.7726027397260274
epoch_10: 0.8041095890410959
epoch_11: 0.8205479452054795
epoch_12: 0.8356164383561644
epoch_13: 0.8410958904109589
epoch_14: 0.8397260273972603
epoch_15: 0.8410958904109589
epoch_16: 0.8506849315068493
epoch_17: 0.8534246575342466
epoch_18: 0.8561643835616438
epoch_19: 0.8575342465753425
