epoch_0: 0.552054794520548
epoch_1: 0.5698630136986301
epoch_2: 0.6136986301369863
epoch_3: 0.6465753424657534
epoch_4: 0.678082191780822
epoch_5: 0.6986301369863014
epoch_6: 0.7273972602739726
epoch_7: 0.7616438356164383
epoch_8: 0.7753424657534247
epoch_9: 0.8123287671232877
epoch_10: 0.8287671232876712
epoch_11: 0.8410958904109589
epoch_12: 0.8479452054794521
epoch_13: 0.8547945205479452
epoch_14: 0.8534246575342466
epoch_15: 0.8561643835616438
epoch_16: 0.8575342465753425
epoch_17: 0.8547945205479452
epoch_18: 0.8561643835616438
epoch_19: 0.8575342465753425
