epoch_0: 0.5167917819043856
epoch_1: 0.5215329909126827
epoch_2: 0.5266693006716713
epoch_3: 0.533781114184117
epoch_4: 0.5476096404583168
epoch_5: 0.5610430659818254
epoch_6: 0.5760568945080996
epoch_7: 0.5954168312919794
epoch_8: 0.6195179770841565
epoch_9: 0.6511260371394706
epoch_10: 0.6847096009482418
epoch_11: 0.7088107467404188
epoch_12: 0.7364677992888187
epoch_13: 0.7601738443303042
epoch_14: 0.7791386803634927
epoch_15: 0.7957329118925326
epoch_16: 0.8071908336625839
epoch_17: 0.8194389569340181
epoch_18: 0.828526274199921
epoch_19: 0.836823389964441
