epoch_0: 0.5191623864085342
epoch_1: 0.5242986961675227
epoch_2: 0.5298301066772027
epoch_3: 0.5448439352034768
epoch_4: 0.5578822599762939
epoch_5: 0.5740813907546425
epoch_6: 0.5958119320426709
epoch_7: 0.6290003951007507
epoch_8: 0.6594231529039906
epoch_9: 0.6910312129593046
epoch_10: 0.7186882655077045
epoch_11: 0.7404188067957329
epoch_12: 0.7609640458316871
epoch_13: 0.7807190833662584
epoch_14: 0.7981035163966812
epoch_15: 0.8064006321612011
epoch_16: 0.8158830501777954
epoch_17: 0.8198340576847096
epoch_18: 0.8265507704464639
epoch_19: 0.8273409719478467
