epoch_0: 0.5156064796523113
epoch_1: 0.5211378901619913
epoch_2: 0.5258790991702884
epoch_3: 0.5333860134334255
epoch_4: 0.5472145397076255
epoch_5: 0.5594626629790597
epoch_6: 0.5756617937574081
epoch_7: 0.600553141050968
epoch_8: 0.6321612011062822
epoch_9: 0.664559462662979
epoch_10: 0.702489134729356
epoch_11: 0.7317265902805216
epoch_12: 0.7680758593441328
epoch_13: 0.7977084156459897
epoch_14: 0.8170683524298696
epoch_15: 0.8305017779533781
epoch_16: 0.8419596997234294
epoch_17: 0.847096009482418
epoch_18: 0.8482813117344923
epoch_19: 0.8510470169893323
