epoch_0: 0.51244567364678
epoch_1: 0.5187672856578428
epoch_2: 0.5223231924140656
epoch_3: 0.5266693006716713
epoch_4: 0.5349664164361912
epoch_5: 0.5472145397076255
epoch_6: 0.5586724614776768
epoch_7: 0.573686290003951
epoch_8: 0.5934413275385223
epoch_9: 0.614381667325168
epoch_10: 0.6380877123666535
epoch_11: 0.6633741604109048
epoch_12: 0.6854998024496246
epoch_13: 0.7064401422362703
epoch_14: 0.726590280521533
epoch_15: 0.7435796128012643
epoch_16: 0.7609640458316871
epoch_17: 0.7736072698538127
epoch_18: 0.7819043856183326
epoch_19: 0.7909917028842355
