epoch_0: 0.5191623864085342
epoch_1: 0.5250888976689055
epoch_2: 0.5286448044251284
epoch_3: 0.5412880284472541
epoch_4: 0.5539312524693797
epoch_5: 0.5665744764915054
epoch_6: 0.5784274990122481
epoch_7: 0.6013433425523509
epoch_8: 0.6242591860924536
epoch_9: 0.6527064401422362
epoch_10: 0.6858949032003161
epoch_11: 0.7107862504938759
epoch_12: 0.7285657842749901
epoch_13: 0.75069142631371
epoch_14: 0.7728170683524299
epoch_15: 0.7913868036349269
epoch_16: 0.8044251284077439
epoch_17: 0.8178585539312525
epoch_18: 0.8253654681943896
epoch_19: 0.834057684709601
