acc_0: 0.49890350877192985
acc_1: 0.49890350877192985
acc_2: 0.49890350877192985
acc_3: 0.5010964912280702
acc_4: 0.5
acc_all: 0.49890350877192985
