acc_0: 0.5009017132551848
acc_1: 0.5018034265103697
acc_2: 0.7551848512173129
acc_3: 0.5009017132551848
acc_4: 0.49909828674481516
acc_all: 0.5009017132551848
