acc_0: 0.7178082191780822
acc_1: 0.5246575342465754
acc_2: 0.5027397260273972
acc_3: 0.49726027397260275
acc_4: 0.6863013698630137
acc_all: 0.8
