acc_0: 0.5005926511260371
acc_1: 0.4994073488739629
acc_2: 0.9324377716317661
acc_3: 0.9707625444488345
acc_4: 0.884235480047412
acc_all: 0.4994073488739629
