acc_0: 0.5822368421052632
acc_1: 0.569078947368421
acc_2: 0.6611842105263158
acc_3: 0.6337719298245614
acc_4: 0.5526315789473685
acc_all: 0.5394736842105263
