acc_0: 0.9062218214607755
acc_1: 0.8751127141568981
acc_2: 0.8737601442741209
acc_3: 0.8972046889089269
acc_4: 0.8976555455365194
acc_all: 0.8638412984670875
