acc_0: 0.8561643835616438
acc_1: 0.7794520547945205
acc_2: 0.7671232876712328
acc_3: 0.8027397260273973
acc_4: 0.810958904109589
acc_all: 0.810958904109589
