acc_0: 0.9810351639668116
acc_1: 0.9755037534571316
acc_2: 0.9502173054128803
acc_3: 0.9790596602133544
acc_4: 0.9466613986566574
acc_all: 0.967601738443303
