epoch_19: 0.6907894736842105
epoch_19: 0.6907894736842105
epoch_19: 0.6896929824561403
