epoch_19: 0.7017543859649122
epoch_19: 0.6875
epoch_19: 0.6798245614035088
