epoch_19: 0.555921052631579
epoch_19: 0.6096491228070176
epoch_19: 0.5307017543859649
