epoch_19: 0.5745614035087719
epoch_19: 0.5833333333333334
epoch_19: 0.5657894736842105
