epoch_19: 0.6589912280701754
epoch_19: 0.6359649122807017
epoch_19: 0.5975877192982456
