epoch_19: 0.9292155094679891
epoch_19: 0.9008115419296664
epoch_19: 0.8836789900811542
