epoch_19: 0.9102795311091073
epoch_19: 0.9156898106402164
epoch_19: 0.9179440937781785
