epoch_19: 0.8985572587917042
epoch_19: 0.8773669972948602
epoch_19: 0.8805229936880072
