epoch_19: 0.8787195671776376
epoch_19: 0.8354373309287646
epoch_19: 0.8476104598737602
