epoch_19: 0.9174932371505861
epoch_19: 0.9201983769161407
epoch_19: 0.8746618575293057
