epoch_19: 0.964836033188463
epoch_19: 0.9940734887396286
epoch_19: 0.964836033188463
