epoch_19: 0.9486369024101146
epoch_19: 0.9905175819834058
epoch_19: 0.9826155669695772
