epoch_19: 0.9782694587119716
epoch_19: 0.9593046226787831
epoch_19: 0.970367443698143
