epoch_19: 0.9190043461082577
epoch_19: 0.9462662979059661
epoch_19: 0.9407348873962861
