epoch_19: 0.9419201896483603
epoch_19: 0.9284867641248519
epoch_19: 0.9340181746345319
