acc_0: 0.5032894736842105
acc_1: 0.5010964912280702
acc_2: 0.6743421052631579
acc_3: 0.5482456140350878
acc_4: 0.49890350877192985
acc_0: 0.6239035087719298
acc_1: 0.6589912280701754
acc_2: 0.7050438596491229
acc_3: 0.6447368421052632
acc_4: 0.6798245614035088
