acc_0: 0.9062218214607755
acc_1: 0.9057709648331831
acc_2: 0.9206492335437331
acc_3: 0.9224526600541028
acc_4: 0.8985572587917042
acc_0: 0.9156898106402164
acc_1: 0.9057709648331831
acc_2: 0.8935978358881875
acc_3: 0.8913435527502255
acc_4: 0.9125338142470695
acc_0: 0.9156898106402164
acc_1: 0.9057709648331831
acc_2: 0.8935978358881875
acc_3: 0.8913435527502255
acc_4: 0.9125338142470695
