acc_0: 0.836986301369863
acc_1: 0.7054794520547946
acc_2: 0.7972602739726027
acc_3: 0.684931506849315
acc_4: 0.8328767123287671
acc_0: 0.8
acc_1: 0.8589041095890411
acc_2: 0.8136986301369863
acc_3: 0.8424657534246576
acc_4: 0.821917808219178
