acc_0: 0.8506519162386409
acc_1: 0.5005926511260371
acc_2: 0.9111023310944291
acc_3: 0.5005926511260371
acc_4: 0.5740813907546425
acc_0: 0.9810351639668116
acc_1: 0.7969182141446068
acc_2: 0.9865665744764915
acc_3: 0.9533781114184117
acc_4: 0.99170288423548
